870976
300250
688590
688228
688143
301248
300654
300378
300170
300479
300608
300634
688229
300496
688031
837092
688333
300688
300840
688369
300785
301397
688327
300465
688313
688225
301205
300173
300624
300017
834475
301220
832225
688400
300226
300113
832876
301000
300687
300384
300830
301021
300638
000761
600734
300822
603779
001330
603012
002660
002629
002642
002599
603211
002362
002439
603729
605338
002881
605398
001282
601869
002965
600345
603039
000681
002896
002865
001306
605018
603928
603859
603758
603667
603286
002861
002816
002536
002530
002398
001380
001309
002315
603929
605060
002757
603305
600588
603518
600410
603171
605069
003040
605277
000856
603042
000882
002364
002495
600255
688118
688258
002122
688615
300968
300556
301261
603666
300442
300927
300248
688095
300229
300795
688058
300571
300166
300379
301368
300921
300592
603665
002649
833075
300798
301159
300433
300718
603308
603108
600580
000932
688111
600732
688433
300548
300148
002575
300953
002494
688716
300232
835207
002491
300188
600662
300063
688039
301316
300130
688038
688022
688167
688326
300613
688208
603915
688512
002605
300852
002657
300857
600797
688429
688343
002292
300663
300469
688322
688290
300494
688292
301001
000887
300403
300153
688316
873679
835305
688498
603269
001314
300047
832662
301171
688001
301011
688226
002782
300579
688030
603337
688246
300986
002973
300559
002779
002947
600480
002241
600802
688372
300885
300071
603636
002518
300727
300010
871396
002441
300366
688083
601020
300703
603662
688475
688279
603615
688698
688231
688088
601211
603686
688766
300578
002138
301558
300805
688010
300645
688132
300150
600096
833533
300612
002050
301169
872953
301208
600986
002853
838924
000532
300969
300276
300670
600481
300288
688696
688232
603721
603806
300182
300674
688123
300987
301210
002878
300730
002265
688153
301139
688800
601567
300520
600382
300081
300056
301031
603121
688205
301302
300738
601616
300533
301396
002600
688361
603881
300176
300756
688017
300268
300271
300415
300889
002395
301252
600640
835237
600837
300543
301270
002230
300659
688158
300235
688220
002259
688244
600539
300503
837212
688787
300177
301110
300748
600745
002009
688588
300776
003007
300007
688078
301221
688201
837748
600133
600360
600234
002005
300265
688695
601928
688079
605168
831152
301168
600289
300115
300570
301313
688561
603557
000711
300541
603138
605303
300247
837592
300781
003001
002819
301383
603119
002351
002012
300096
300678
688609
300925
002011
688004
600487
688090
301218
002456
300231
300881
872392
839493
300693
603063
688127
003005
688152
301318
600438
430564
688213
300793
603516
601058
300691
688036
300451
300473
688207
601965
688503
603189
300504
002995
688610
603185
300560
301230
300652
601865
001319
601500
601360
000063
688392
300205
002233
300257
002578
300133
300788
002755
300679
600498
300550
301326
301381
831445
688636
301172
688234
300184
300825
300887
301076
603232
301085
600525
688359
000676
603533
603833
688579
003010
600845
603429
688051
688435
300677
688296
603887
301129
688227
300031
301382
873527
300525
688629
300607
002380
001259
603598
600088
300095
600104
300043
301317
000573
002354
301178
688165
300990
002803
003029
301525
600756
300299
300657
000620
002921
000915
688598
834058
300766
603701
603893
600230
002343
300672
300860
603918
601595
002222
301052
603061
002777
301308
688023
301153
600019
688533
831832
002403
301568
300432
301157
603236
301101
301448
833751
600363
603466
836149
002654
002563
600331
688778
001212
300049
300682
600602
600593
600889
603083
688358
600633
301378
688170
300450
300566
300598
839680
603313
300339
002922
300616
300393
301185
002402
300457
300493
000905
301183
300180
300935
300050
300895
603020
839371
300632
301202
603081
300302
600850
300035
300078
605068
002742
002182
603885
688191
603888
002069
688608
603660
002117
301036
300420
002572
603718
300369
002938
300768
301591
920106
300418
603307
600626
300707
600861
002674
600885
300590
002708
688525
603380
603496
002261
301189
688206
688320
300334
688015
688291
002397
688509
300940
301266
002063
688328
688178
300658
603901
002474
600562
603822
300168
301330
301280
600577
600728
002475
002987
688190
688768
300802
301486
603051
300462
688377
300255
600126
688260
300224
002384
603099
300996
600330
301022
300245
688345
833030
688591
301499
003021
300364
838227
603421
688288
603416
688175
002282
002003
300603
300518
688262
688386
002232
301231
688680
300322
603728
600229
688006
300027
300183
301337
601600
301428
003006
300459
603629
301598
300906
603158
002072
002799
300521
872925
300884
603289
300408
002955
300942
300075
300211
300051
002221
300845
600039
603612
300928
688171
601678
002045
002400
300580
603768
300192
688550
002405
300861
002459
600782
300074
830896
600536
300136
300872
688551
600933
300161
688332
600476
002537
300998
002806
300499
002850
600584
300949
300531
603816
688066
601702
003031
688630
603583
300956
000555
301380
603156
603613
002635
832491
301536
605577
688523
002407
002472
603900
002467
688218
603161
301439
688539
688489
002630
688172
300512
300212
300430
688479
688141
688148
300665
300413
003019
300270
002886
300359
002962
831195
300773
603596
002289
300517
688500
300036
300311
000795
000938
300098
002251
002712
600271
688277
300684
300546
300264
688125
688582
300468
603586
300792
300466
300620
601012
002997
688280
000032
688084
002106
300735
603727
301618
688315
002713
002139
688739
301025
300400
002291
688779
300846
002785
688577
688557
301365
688371
002990
688131
002862
688037
002174
300329
603920
603129
603917
300605
600551
300551
603717
300213
301312
300901
834770
688737
300523
000892
002617
002609
688097
688548
300005
600243
833394
300291
300762
301095
300984
002908
300585
688107
002532
603016
688596
300960
300812
002637
300079
835670
301102
430425
003032
600366
002421
000034
300389
002036
300353
688309
300508
600143
300838
300220
600522
300640
301035
688303
002733
002028
301321
688515
688398
300440
301029
002792
600131
300315
001301
688060
002442
603688
300537
601801
603316
688199
603927
002979
688717
600621
838837
300817
000888
300397
688025
688335
603259
300042
688067
000803
688682
002885
688678
601689
838275
300253
600718
688092
002212
688251
688289
600201
688005
603196
301356
002568
300858
603659
688360
688222
600866
832885
688368
600571
603079
002858
600386
603005
000818
688011
688182
835438
000810
002163
002396
603890
600543
688507
688428
002093
603040
688219
833914
300488
000156
603009
002541
688265
002698
600037
301287
601599
300787
301236
002993
300933
603375
000657
300749
603722
002401
688150
300467
002031
837242
002295
300610
001339
600100
000923
301197
300611
600114
002379
002348
600775
301360
300246
603206
300655
603978
603787
300853
300621
603999
301007
603000
600071
002376
688387
002238
600416
301023
605055
002279
600066
300790
300025
688612
300745
688526
600729
603085
688109
000970
300588
300191
832089
600722
000006
002025
688670
002276
300382
300843
300662
688239
600875
300946
002960
002154
688162
300959
002152
301421
605218
002181
600120
603190
600831
835985
600691
300903
001229
688061
603015
001311
002156
002899
001278
301009
002335
301596
300458
688286
300304
002353
301631
688045
301083
688519
300475
603197
688468
002434
000612
002171
000988
603650
603959
002801
301086
300978
688772
000560
000426
301066
300576
600641
300562
000977
002888
603707
300131
002915
002892
688486
601949
300747
600825
002130
000948
002268
300303
002073
301503
002264
002126
300447
300724
601717
300154
002975
300771
688216
300061
688559
688426
600265
300725
833575
301389
002741
831167
300713
000886
000719
600771
873132
601877
603341
832110
300119
002185
688337
873703
002941
300487
603556
002273
002859
688383
300564
600589
002928
301489
002879
688300
002622
002897
002075
002647
600970
603839
300821
301199
603218
603280
002950
836720
000066
600671
300850
603699
603990
300088
688093
002837
002906
300324
002490
000061
603489
600880
600826
603013
300124
002614
688726
300227
002229
002747
002957
600667
000547
300351
301578
002019
430718
002088
300398
002843
301303
300582
300656
600959
002870
688416
300319
002390
688419
688077
603879
600183
300174
300002
300552
300955
605133
605183
300082
601137
000852
300112
688187
603052
600022
002301
688499
605136
603997
002902
301338
301209
603037
603767
002558
300929
002890
000030
002497
300807
002470
000636
603348
600203
002065
603950
688080
301225
300134
301339
001269
301181
002145
002709
600150
600776
301357
301325
603345
000821
600418
002104
300609
300622
834950
300507
873806
300206
300100
688381
688307
002056
300757
603096
688777
600151
300542
873305
002678
603070
300568
603809
688707
600558
688147
300810
000622
600406
603993
600158
688135
002552
603508
600563
831278
600375
300510
688655
002903
603026
300306
002312
688567
300912
300323
002270
688325
002920
688112
002828
601881
688287
301320
600282
688528
688215
603488
301195
603687
300975
601811
300484
300052
870357
601999
605186
301072
300348
600338
688560
601399
000959
688049
688056
839790
301008
002236
300831
301262
300280
603985
002696
002391
300349
000528
600751
688252
603955
300237
300241
301165
300155
300446
603111
300006
603027
000850
601900
301586
002765
002716
300515
688601
002244
603819
603333
688259
301257
688388
601177
688114
603681
002286
002127
688573
002368
300258
300263
603118
688403
301227
832469
688197
300770
688681
688193
300405
688529
870508
600094
688378
601100
300491
300011
003038
300331
836717
688597
603801
688028
430685
688261
688660
300746
000158
600620
601098
002971
688626
600692
600288
300346
600125
688511
300320
688027
002367
688733
603130
300623
600128
300118
603220
601858
605358
600556
301198
600415
002298
002177
688195
600859
300716
300126
301081
601369
301607
300545
001287
300970
834407
870204
603283
872190
300991
300698
300121
836892
603297
688516
603810
300629
300421
600552
601238
003028
603279
002925
003033
688018
300700
300101
603172
688297
300844
300278
688091
688450
301170
000708
000737
688035
600955
600399
600379
002694
301020
301268
603003
600919
605365
300597
603738
300941
603381
300555
688173
600560
603776
688353
603116
300337
002103
001228
601311
300667
301550
300300
300904
603685
605020
300144
000878
003022
301278
605088
300647
000520
688275
688683
688020
000665
300139
000157
688129
300048
000049
002838
002128
835368
688401
605180
600730
600962
300093
688393
688016
603386
600768
300044
300651
601002
688272
002981
688496
601212
300486
300354
600373
300723
600822
002766
688690
601121
002180
300943
601608
688657
603068
301296
600754
603396
688385
300290
600735
600706
300195
002461
002345
600362
688202
002218
688556
002235
002209
000975
301369
603109
688789
002655
600686
600231
300800
301161
301069
834021
301238
601777
300549
688128
688161
000785
000685
301063
301269
601882
300717
000901
301255
601918
300865
601088
688351
300004
301322
300633
300882
688558
603221
301388
002094
002963
835508
300087
688116
001872
833284
300627
600757
300207
603860
300160
688718
688108
001206
603011
300641
002835
000778
002829
002311
301068
002483
002759
301040
300615
002869
300478
688230
301234
688607
300750
873665
300859
831834
603778
603373
600010
002155
300538
603230
688357
300238
603730
600169
301217
688050
003012
688599
301512
688138
688553
002937
000400
688568
688120
000895
300283
301002
001266
870436
603031
603982
601231
601528
001324
000936
300673
300643
301113
301015
300426
603966
300501
300033
600660
300092
688071
600676
000703
688510
688668
002153
688151
603528
002193
300490
300833
301232
688352
002703
301167
600741
300185
002721
002123
002044
000659
688365
300676
002383
688455
002101
300132
688330
002416
301372
300937
600654
600477
600075
002795
301162
688163
002898
600595
300729
002161
002579
002245
600973
000026
300951
603683
603690
688068
831961
601000
300032
002895
836422
000683
002821
603500
603880
300386
000607
000969
603766
300813
600313
300958
301051
603610
688443
301133
688563
600847
300062
301488
002215
836395
603192
301376
601816
300018
002577
301010
003043
300557
300293
300909
300412
600258
301456
688693
300162
300780
688662
002601
603855
300509
300963
688159
300961
002506
300828
600572
002574
002110
600839
301292
300945
300712
600586
301293
600714
002080
600320
300083
300993
601226
301163
600854
688266
301226
300650
605001
600459
301213
001222
301587
600975
300740
300470
688099
300977
601989
300851
301013
000786
002877
002119
300992
300374
002129
300948
600276
002446
300916
688449
300736
002929
600582
300417
301581
301556
002170
002584
002841
300594
002498
605228
688238
300877
300558
301567
300686
301333
603008
603587
002347
300489
600651
301057
601138
601908
601106
603126
000885
688081
002812
300922
300059
603823
603088
600520
688285
000572
301156
603619
603700
603036
688439
600179
300554
301353
688659
600182
600655
688409
688569
601005
002046
002961
000524
300765
603019
000638
002017
002278
301413
000880
600448
000727
300448
600449
300711
601113
300091
300123
002976
603617
603117
002749
000829
301060
301018
688348
688130
301548
600507
000559
688697
300045
600119
605255
300236
833454
301309
603353
837006
300279
000669
300141
002933
688157
603212
002998
000655
002683
300726
301329
300129
300067
688676
688458
002726
301237
600611
688501
002176
002752
301606
600478
301045
603579
002670
831039
002084
831906
688586
301390
301566
300923
000709
002033
300971
002105
600397
603098
301117
603106
301131
688177
603912
600759
300602
002487
603136
688530
002611
600835
300464
000415
301391
688257
300094
600985
832419
603788
688432
600785
600392
300758
430418
301212
300815
300900
003011
300222
430198
000811
831768
688009
300461
300370
603032
603266
600307
002512
000523
000875
300920
603017
600976
300171
600598
301175
603897
836547
830879
002623
688113
600198
002194
603078
002415
300441
300444
688063
688176
605288
000757
002296
002095
301399
301429
688367
688098
688711
301123
836239
300292
688217
605006
600193
002189
600099
832802
688710
600635
836247
300099
300419
002428
605123
688209
301179
002833
600298
603606
600110
300855
300532
000953
688055
002160
002735
002676
002596
601001
000898
600661
603949
002866
002240
301046
301006
873167
688562
002612
600879
301295
002004
688273
873833
600619
603519
688021
002051
603877
301359
002706
001268
688308
600703
688334
300333
002035
603679
300743
002082
000889
002984
688549
300737
300234
000715
688366
600063
603127
603282
002863
688595
000518
600273
002329
688347
300890
871478
605599
600971
002768
002047
688420
000902
301219
300719
301358
688631
601601
603281
600166
300854
688185
688389
601319
831526
300109
300826
605138
603267
300269
603115
600232
300899
838171
000065
300789
002336
301106
833230
301028
300228
002086
601006
871553
002008
300335
603908
002465
688793
002868
688488
000682
002322
600281
301125
600996
600301
600148
300842
600506
600960
002554
000815
000498
000678
301107
002248
600210
600694
601107
688679
601333
000630
300073
301272
300759
300140
002533
002195
002527
601179
688310
300244
000913
301580
002410
600749
300856
301039
002715
300915
000869
600637
300804
688505
688268
600531
600328
002077
000758
002796
600609
301038
000723
000068
301070
301211
600188
300013
002219
301306
002326
002059
000016
002249
600623
300409
601888
300368
002540
300105
688395
000909
688380
688236
603006
002328
002164
603022
000062
000978
688517
002081
301311
300102
300701
300352
300259
002303
688106
839167
301314
603050
301505
000782
600308
301050
300024
603335
300897
688156
601698
002999
002805
688722
601118
603239
000422
301370
603655
600398
001373
002302
601339
603648
600072
300149
300350
300600
002705
002667
002192
002010
688298
603233
600486
002034
601686
600021
688181
688798
002267
300219
600388
301135
003025
002625
300416
000700
301141
601778
300772
000151
300976
300284
002524
301289
603226
300883
688448
601216
300077
300540
002064
600259
603276
300239
300402
002097
871263
002242
603826
002067
688069
600508
002780
000021
600846
836414
300595
600111
688518
300357
003013
601003
301137
001316
688699
002875
603948
605007
605198
300644
603697
002023
300428
301148
300778
688085
600537
000035
002281
002429
688658
603366
873593
603290
920002
601860
002798
001323
600455
600283
601665
002394
603605
002632
600491
600064
600983
000990
603607
603201
002983
301328
603076
839273
301260
300936
000610
605099
301307
688602
002590
603131
430017
600036
600688
300427
002652
002756
603390
601225
688585
603365
300751
300193
600141
688776
300214
600361
002689
300950
601007
300593
300260
603458
600740
001368
300994
601156
603077
300223
688233
000997
600319
300242
688618
600869
301053
688008
002151
600573
300371
000592
002048
605122
603038
002639
002378
603368
600909
600511
300383
000839
603886
600999
600824
833346
688981
301233
603829
000686
603936
300527
300200
300618
300797
002099
688399
300423
002602
000503
002551
300841
688295
601969
300931
688203
603122
000530
301419
603238
603160
601996
002985
603755
688281
600058
301119
688565
603182
600136
002519
000590
688484
301571
002587
002737
300642
301216
002555
688101
600300
002049
688110
605399
603139
002266
301446
600054
301259
601666
000813
600650
300286
002516
301517
000100
839792
002436
601099
301099
000541
300919
603327
601609
000029
300702
601606
301348
872541
001211
002254
301588
603868
603324
600423
301565
603633
000338
600956
002387
601456
688425
600715
002024
301111
301299
300939
600509
600698
002062
300387
300287
301577
300820
300394
002430
601318
002980
600895
002109
688029
300705
603137
832566
300254
600353
601789
688575
300201
430047
002015
603931
600821
000690
301003
600233
834261
600493
300514
600980
002641
002513
002324
000025
688032
002827
301288
600149
601838
600346
002319
600295
002832
836419
002344
600391
605111
600420
603071
603225
003008
300752
301112
301258
688168
301223
600060
600490
002200
601766
300472
600173
002190
300443
601326
600315
301186
301327
834014
600248
301539
000756
301559
001360
000876
603501
831304
688502
301519
000759
688648
300001
688235
603882
603066
600322
002842
300599
603626
600764
301152
601187
600106
002651
300327
601019
688146
600089
600575
301229
601555
688639
002818
873726
600467
001256
600561
000504
835185
301332
002845
002414
000868
601619
002731
301528
688007
833781
600123
300908
600369
688133
600834
300660
688538
600604
601028
600497
300414
688370
000825
600116
600629
000779
301608
300298
870199
600348
000800
600874
002939
600630
603311
688319
603100
871642
688689
603895
300285
001300
873576
600512
300454
601827
300498
000729
601899
600841
002553
002956
603759
002307
688248
600596
600618
601688
300317
605189
002643
838262
601728
000701
002284
688103
300034
601878
300649
300866
603790
301091
603663
600252
301283
688605
300962
300390
688819
600774
002203
300635
605287
603808
002486
601611
834415
601163
301032
301088
001331
830779
300289
300753
873001
603178
603315
603899
002544
002681
002159
600763
001326
603105
600059
300347
603456
000883
600882
000937
300434
002419
603529
001203
688100
603200
002196
300114
301319
300375
000960
600101
688687
300342
603299
603216
301132
001298
000910
601127
603876
600176
300823
002213
000637
301075
601966
002349
002083
301150
601377
600603
600267
600050
600160
601128
300210
301151
300827
300689
300539
600848
688391
600098
002131
601117
600664
001376
601330
600395
603320
600305
300252
002120
605003
600031
301398
600292
000635
603195
603326
600742
603180
300053
002824
600860
300107
603258
002406
830809
601669
002197
833429
003009
603183
301065
002079
002478
000998
301345
600550
600200
873169
836221
300871
603355
688247
600482
301371
002855
688619
002061
301297
600682
600127
300819
836263
603602
871981
002247
000552
600312
002959
600249
001260
688627
600115
002027
600685
688318
688136
002334
603300
300407
301026
600000
300661
688508
300482
603507
601200
603725
300824
600576
600073
300341
601101
002883
688312
603818
300671
603168
688089
301121
000860
834599
600055
601566
600409
000090
605258
600897
002355
688121
603055
605005
000159
600769
688026
603203
600163
000951
600929
600583
601788
002020
605118
600587
600219
600095
002851
003027
300021
002237
688349
600819
600610
002413
605366
300586
600020
000750
600883
601208
601375
301122
002702
002078
600178
688096
002745
002723
002615
603825
000629
002952
000691
834682
002173
603658
002444
301136
002510
000017
600352
300480
002570
002562
002669
001308
600549
002589
000419
301515
600570
301282
601096
601068
600109
300500
002438
600888
600873
603229
600078
002538
603995
601898
601636
000501
600916
605500
605222
601718
603150
001336
002594
603002
603395
603393
002188
000543
688531
300625
000553
688321
300519
603987
600208
301073
002085
002224
688255
603408
600690
300363
688329
002178
600489
603976
000917
688665
301160
603256
301246
301087
600343
002125
000762
300008
300995
872931
002581
300880
300452
603125
601390
002940
301273
688072
600581
301078
300926
603909
300196
002227
832471
002293
002508
603359
000619
300275
600988
603383
301533
000725
688671
001234
688728
600979
600323
002659
000720
600502
605378
300506
600458
300103
688282
601995
002239
600992
832978
002455
300039
601158
601059
300847
600818
300966
000058
688189
600717
000603
601890
600719
605077
603255
601015
002546
002918
601108
001337
600157
300070
600673
300072
002543
002753
300690
688570
600820
603600
601198
002451
837344
301300
300628
000922
600196
300675
601168
603163
002323
300867
600877
600195
000019
002797
603107
300905
605339
002149
600862
002408
002988
301016
603385
002216
600261
600439
002340
000830
301177
002277
002116
000792
600177
603132
300316
002860
301526
002634
000999
603515
600864
000538
600998
688075
000957
601825
301367
603389
000933
600668
600367
600739
300172
002542
000712
600285
605086
600961
605166
002427
300791
603219
603296
300535
002627
601188
600538
002201
301361
002991
688105
605567
002108
301469
600241
002597
603588
688052
301096
301589
301079
000526
603399
601929
600794
301508
301349
301126
002372
002252
002060
600699
600569
688062
002811
600987
301048
688638
000776
002225
603369
603199
000707
603566
300894
603628
601963
301100
833509
601677
603110
605151
600790
300120
600470
002066
301552
301263
603179
002556
000625
600061
600137
300983
601061
600884
002790
002057
300938
300084
300429
300218
688339
601577
000070
002576
600515
301518
830839
688583
603331
301613
002774
605507
688552
688311
600192
300046
002663
601021
605011
000534
601668
600495
300606
002931
603817
002304
835174
920118
000408
001322
002283
601111
600977
300198
301215
300040
600153
000863
600908
600408
603260
002598
300777
832522
300786
603599
600206
002836
600995
836942
836504
300080
000554
301115
300492
300849
600712
300563
002549
002539
000958
601997
603797
300256
002482
001378
000768
600628
300581
000519
300806
300617
603310
600284
301042
002054
600197
600326
001213
002191
300957
600469
600180
300619
834639
603708
002992
000929
001218
600770
600783
301509
300720
002385
605066
000985
002262
600429
603128
002386
430478
600968
301507
002810
688223
000623
300012
688663
300573
000045
002534
002561
603938
688267
603958
600335
300862
601958
002638
002183
301520
300572
835179
600117
301379
603073
301366
601696
001379
002425
002977
300666
000721
603272
600997
836675
300194
002982
002595
001215
688700
000566
300834
002685
000099
300358
300516
603357
605368
600726
603567
301265
603181
000783
601607
002687
000591
600227
605289
600903
002511
002448
600287
301387
300683
000042
603186
603937
002317
600518
300217
002856
002968
000617
600789
300127
601868
600400
600103
920008
600475
688299
002884
601166
688196
603848
002321
600906
300435
605337
603205
300637
300709
300057
002158
600648
300681
300055
000546
300731
000798
837663
301192
688373
300209
300522
000935
300741
603970
603053
300076
688459
601388
300878
601233
002479
000801
688469
600155
000651
001239
688363
601086
001227
002545
300875
002175
600171
000060
601956
600793
600257
000731
300604
605167
600617
002091
600067
000589
603217
688210
300388
839719
300360
603208
001230
002606
000793
688653
000404
301118
601866
600643
603207
300373
603001
000767
603177
000002
603580
600170
002867
605208
002202
600084
301256
002102
688625
002889
300267
002593
600600
603165
002001
601921
300163
002223
002800
002591
001216
301055
000927
000828
600833
000950
002399
002452
002207
838163
601136
300835
301500
300308
600105
000008
301200
301459
600460
300631
600132
000548
300870
603811
002909
836077
000989
000521
600316
605155
600855
002736
603323
002697
603726
603090
600780
603089
601991
601236
002243
301487
688580
600597
300477
600380
688033
605056
600272
301059
002333
002926
000899
601799
301138
600546
301516
002813
603298
300380
000010
836208
600303
300404
301298
000751
300706
300157
002528
600048
301105
600720
300639
603035
688623
600697
002053
601186
300142
600235
688041
600354
603713
300779
301373
301386
600496
002389
002443
300481
838030
430090
300041
001332
300272
002412
688306
300396
001289
600744
600185
002958
002338
000551
603235
301285
601077
601069
300614
601016
000962
301047
000428
600787
605588
600801
000735
603322
688249
300973
002786
301393
600030
600057
002727
834033
601618
000968
002876
300474
002246
002369
603378
600390
600008
000726
600029
600011
002297
002100
600918
300913
301193
002871
603698
603693
600684
600336
600062
001209
301206
603585
000558
603889
300869
000987
000513
600808
601116
300760
603967
600681
600958
600816
002211
300456
002150
001387
688070
603896
002432
000430
300110
002339
688410
300864
832000
600237
000702
600578
002393
002363
601222
603616
000420
301166
603863
001317
600339
603060
603444
688621
300376
001338
000510
688611
601038
600761
600056
000925
300026
601018
000563
002043
601512
688082
300648
300145
688057
003816
002469
001391
002815
000155
600926
000790
603188
002677
603916
688566
002375
605108
603350
301529
688119
600009
688600
300761
600683
600121
301335
300591
000652
001367
300199
688200
603668
301089
002783
600528
603578
688709
870656
605009
605259
002986
603703
600982
300981
000688
688139
301128
831627
600645
000728
002121
300587
600107
688211
000733
300009
002569
601126
600863
002695
605299
603799
600838
600893
600905
002258
831175
603439
002547
001226
003036
601162
688375
600642
601519
002807
301603
300164
002493
001288
603638
300143
688003
000848
002515
920082
000966
002206
301510
300029
600526
000581
688584
301191
603968
001277
301277
301103
301201
002517
002392
603176
601968
600333
002640
603223
600737
603527
600704
601952
000967
300708
300019
300989
600266
300340
002592
600389
600461
301158
688065
601066
002567
000570
300181
300152
300436
000766
000012
600505
000597
600217
600138
600435
300653
600711
600081
002624
600118
300999
000837
600222
002026
000565
688721
603883
002714
600901
300305
601615
002468
000807
600812
300783
300030
603956
603187
603477
600152
000650
000831
002226
000001
301207
300146
600378
688613
600372
002022
833523
301092
605388
000788
300536
603237
603595
688192
601798
605080
603611
600028
300016
688685
002500
688628
000567
002255
300814
001258
002675
002653
000928
603067
600755
603505
603358
600113
002857
001219
601398
603367
300401
600251
002148
600032
301468
600212
603569
600223
603737
600085
600216
688521
000039
600444
688408
688053
871694
603123
600867
002905
002673
688137
601901
002679
603989
000011
605028
002098
603712
300769
688390
002761
688708
002913
300138
600993
688305
605016
002006
601990
000009
603689
601065
300445
300471
300774
605589
603029
301267
603861
600663
832145
603153
688126
600876
001286
600887
430510
002873
300243
601800
300395
920019
600710
603676
603960
688221
603392
603568
301585
000823
300003
001358
002633
600639
301418
603558
688788
002739
603709
000550
002725
001299
300015
605336
002880
002275
837023
001201
002690
300294
600535
300892
873570
300274
603048
301228
000661
000819
300695
603933
300873
301027
002949
605177
600038
688186
873690
300837
001696
920088
835640
600529
002864
300818
600332
002422
301043
300680
688166
003026
301601
301592
603986
301291
300782
920108
920099
873152
836957
836433
836260
833994
833874
833819
833580
833455
832317
832278
688720
688667
688616
688555
688411
688350
688293
688237
688086
688073
605100
605050
603996
603866
603803
603608
603603
603555
603520
603339
603321
603303
603301
603273
603268
603231
603227
603169
603157
603133
603113
603097
603093
603062
603043
603030
603010
601985
601975
601818
601658
601633
601598
601588
601558
601518
601299
601279
601268
601258
601218
601169
601033
600991
600978
600969
600967
600965
600939
600899
600898
600896
600891
600890
600878
600871
600870
600868
600856
600853
600852
600849
600842
600840
600836
600832
600829
600823
600815
600813
600806
600799
600788
600786
600784
600781
600773
600772
600767
600766
600762
600758
600752
600748
600747
600738
600725
600723
600721
600716
600713
600709
600707
600701
600700
600695
600687
600680
600677
600675
600672
600670
600669
600659
600658
600656
600652
600647
600646
600636
600634
600632
600631
600627
600625
600614
600608
600607
600591
600567
600565
600559
600555
600553
600540
600532
600527
600521
600500
600499
600485
600472
600466
600433
600432
600421
600403
600401
600396
600393
600385
600357
600351
600321
600317
600311
600310
600306
600297
600296
600293
600291
600290
600286
600277
600275
600270
600269
600268
600263
600260
600256
600253
600247
600242
600240
600238
600225
600221
600220
600213
600209
600207
600205
600202
600189
600187
600181
600175
600159
600156
600146
600145
600139
600122
600112
600108
600102
600093
600092
600091
600090
600087
600086
600083
600082
600077
600074
600069
600068
600065
600035
600018
600017
600005
600003
600002
600001
430556
430476
301190
301188
301109
301041
300979
300967
300799
300742
300722
300694
300601
300569
300526
300505
300495
300439
300437
300431
300392
300381
300372
300367
300362
300356
300355
300336
300332
300330
300325
300314
300312
300309
300307
300297
300282
300281
300273
300266
300262
300230
300216
300215
300202
300197
300186
300179
300178
300158
300156
300116
300104
300090
300089
300069
300065
300064
300038
300028
300023
003023
003000
002969
002966
002953
002943
002936
002887
002872
002839
002826
002788
002781
002776
002770
002769
002751
002743
002740
002728
002711
002699
002686
002684
002680
002665
002628
002621
002619
002618
002613
002610
002604
002588
002559
002535
002509
002505
002504
002503
002502
002501
002499
002489
002488
002477
002473
002464
002462
002460
002450
002447
002435
002433
002424
002417
002411
002382
002381
002377
002374
002365
002359
002357
002356
002341
002332
002325
002318
002309
002308
002288
002287
002280
002274
002269
002260
002228
002220
002198
002165
002147
002143
002135
002118
002114
002113
002089
002087
002074
002071
002070
002029
002018
002013
002002
001979
001395
000996
000993
000983
000982
000979
000976
000972
000971
000961
000956
000955
000939
000930
000918
000916
000911
000893
000866
000861
000836
000835
000832
000827
000817
000806
000805
000797
000789
000787
000780
000769
000765
000763
000760
000753
000748
000732
000730
000710
000699
000695
000693
000689
000687
000675
000673
000671
000667
000666
000663
000662
000660
000658
000653
000639
000621
000618
000616
000613
000611
000608
000606
000602
000599
000594
000588
000587
000585
000583
000578
000569
000562
000556
000549
000544
000542
000540
000539
000536
000535
000527
000522
000517
000516
000515
000514
000511
000508
000502
000418
000416
000413
000412
000411
000406
000405
000150
000078
000055
000047
000046
000040
000038
000037
000033
000027
000024
000023
000018
000015
000013
000005
000003
688692
688115
603325
301182
300965
603312
301281
300784
603198
000028
300122
300775
832651
688576
603979
000738
831726
301362
002179
603194
688376
300710
603057
000048
002007
300424
601808
002664
301310
603517
603711
603858
300696
301180
002626
002507
689009
002142
600927
603319
601699
002907
688323
301301
837174
688606
600843
688379
605008
600592
603551
688418
688536
002661
003018
600513
301077
600262
830946
002484
600501
603087
603680
600309
300151
301093
601336
688652
301098
002748
300697
300907
830974
603065
870866
600211
300225
300014
003016
002772
603056
301323
300485
605318
301276
688719
301090
601139
603318
300406
603075
600278
600051
000919
002648
603903
600613
300980
000421
871245
300893
600548
000531
002404
603379
872895
600585
300547
688355
000791
600329
001238
000153
603661
603739
300589
001333
002250
603309
300575
600731
605199
300343
000973
002746
601155
001279
603669
688012
600422
000593
301024
688633
002882
301067
002111
600736
301239
000600
601886
002481
600517
600674
301149
300128
300664
600479
000557
600925
000014
300796
002204
300410
301538
600007
873223
300251
688117
430489
600510
688466
000812
601229
600830
603228
603798
600250
002092
688513
301155
000059
300513
301617
300455
601700
002927
603086
603637
000582
300848
002330
002571
003039
600547
600426
002734
300534
300964
601568
300898
872374
603387
688581
001896
871753
300066
600299
001359
301355
002522
600817
600033
002773
688179
600356
301395
002573
600765
002967
603209
003042
002662
300321
001366
000568
688472
601008
600079
000605
002719
000796
002186
301408
603856
600814
873122
688480
603983
601009
000089
603843
688087
600928
603328
603288
301097
002454
600428
002700
603906
603867
688456
002316
831370
002996
603530
300896
300068
839946
603601
000407
603222
002523
605098
002352
603969
301235
600792
002738
600359
603926
301626
300411
600900
600004
300085
000509
002172
603565
920111
002409
000722
002823
600612
600483
002426
000890
002831
002932
688180
603102
301251
002620
603023
002169
605116
001313
688338
603506
601919
002847
000920
000529
688048
601939
603041
000301
600796
603800
002157
300318
603275
001318
301049
837403
603696
002205
300891
605090
600325
601010
300345
300175
002300
600387
601011
605300
601022
603757
001255
300801
000166
301377
688589
600027
603351
000903
601288
002014
000705
002732
001328
603871
603773
832982
002021
605555
300982
838971
831641
600844
300203
600638
600727
003003
300187
600523
002271
688677
833266
688269
603656
300147
002900
000713
300058
000598
000755
601083
002133
000088
920066
600935
688102
603677
605089
002263
600516
601368
688270
301017
832023
000633
002916
002840
600376
688188
002140
688002
688317
000931
002763
000897
601133
603716
300868
603080
300530
688478
002107
600666
301196
000912
603786
002760
600025
002789
002256
836807
002040
002327
600419
600168
603112
688019
603577
002817
000980
002320
000900
300106
002787
000949
600653
002210
600941
601857
600519
002682
300553
600644
001296
600809
300811
300888
920128
600791
002948
603277
300497
600760
600218
300137
688661
836961
002431
300863
605158
600917
600076
688155
002707
300809
603919
871857
300988
603285
603306
831855
600425
300301
002030
600894
300721
002608
002668
002521
688302
002910
688301
003017
688571
002580
600162
000826
688122
601628
601988
600616
002458
000615
002337
600006
688545
688799
300952
002557
002791
000410
603344
002361
000859
301058
000670
601366
600881
301116
000507
603499
300668
002466
600370
002272
688169
300584
300886
603069
001914
002492
600215
603391
603706
301286
601228
002616
600966
600468
601880
600236
002342
838701
300261
600097
002299
600452
832735
600678
603159
603535
002560
002350
688617
300816
833943
301203
002166
000004
301392
601298
688669
830832
000809
001207
838670
002565
603719
000595
601828
600462
000505
300165
605499
600798
600377
834062
000576
603898
601916
601328
002688
870299
000672
002930
835857
605169
002112
600800
002463
002849
000851
839729
603045
301071
605286
300692
600488
000881
000858
002016
003035
603091
600777
603589
002846
600318
002485
002480
002566
920016
688382
300233
836270
001223
601199
688767
873339
920098
600365
000056
301290
002032
300125
002526
001965
300732
603992
836826
600827
300453
600239
000717
605319
301363
000333
600327
002808
300529
002423
000050
002762
600246
002758
605196
000680
300169
002722
300189
600590
000862
603338
600184
000403
688786
002199
002891
600279
000409
301551
601089
301555
603988
688336
002234
300460
688543
000007
002978
605268
002911
000417
603639
688047
000995
001231
603377
300204
603162
688314
002607
605266
603151
600733
002370
688535
000425
002449
301176
603155
603878
301120
000963
301056
920116
300111
000020
000537
688396
688278
002919
600023
603980
600795
300240
002037
002646
600566
600649
300483
300917
301305
605377
836699
002039
831396
603170
002771
603630
000545
002331
000423
603191
603559
000921
002701
001202
300685
002585
600161
301522
002645
000677
833171
603095
601872
600779
300879
601727
300911
002644
832786
603538
002360
600989
605333
300295
603058
830964
300054
301511
002935
688620
873706
301279
300377
600810
300829
688076
601998
300902
688160
603869
603330
600167
002901
603815
600804
301127
002809
300086
600350
688593
605298
600708
603004
300167
688646
688691
002305
002136
000877
605178
002775
301080
600679
600990
605117
600026
603082
002529
002068
600594
002437
000626
603977
300511
000838
600015
600984
000069
600016
002531
300135
600337
600503
603329
000833
001210
002564
688331
300930
831010
600750
002168
000698
601579
600746
300449
600557
600340
002631
688592
688256
002972
688059
603215
600665
300910
300567
301061
002586
688750
300037
003015
002314
000752
000718
603167
300808
002778
601933
833873
600705
002793
000525
001205
300739
600368
600778
688758
603059
600436
000965
300803
002476
000739
600938
838810
603103
002294
300636
600615
600199
002453
605376
600052
300221
835892
600135
837821
600226
300277
872351
002134
688701
605305
603939
002802
002671
000777
835579
603317
871634
000601
600302
600280
300832
002132
603733
430139
688276
300836
301611
600381
000596
002457
002217
600130
600606
600865
873693
002548
605598
300763
600851
600807
300476
300947
000802
002471
301033
301019
600605
003020
688184
000908
002137
300502
002124
000429
603678
002371
603291
301130
300997
002285
000631
688271
300767
000926
836871
600186
600828
600080
300385
001208
688603
872808
688686
688622
000561
831087
002162
000692
301600
603336
688283
000564
002583
600533
301633
300020
605296
000981
603618
605369
002830
688356
837046
301222
301082
603193
000031
688578
300528
301005
605058
920060
600857
300438
688520
600228
300313
600724
300097
300733
301622
001225
301331
603028
600696
600172
002693
002603
600190
600405
603025
000571
002096
832175
600743
002550
300699
600689
600805
002042
605081
830799
002893
605488
603363
603836
002290
300577
001236
003037
600886
002912
002055
603838
300918
300755
002717
603332
000816
688013
002445
001389
300876
600963
603270
605128
002942
870726
603213
300932
688198
603166
688362
603998
002672
000906
600981
002440
831305
002729
600456
603657
002346
601992
301108
603511
600070
600657
301037
603536
600355
603682
300310
600012
002852
688506
000506
300159
600358
603922
300208
300425
003004
002650
600383
301336
600601
002041
000697
002658
600530
605580
301187
001217
300326
003002
002313
301062
002214
000036
002946
000716
001283
301502
605389
603356
603590
000401
002167
000627
300022
300596
600858
688046
300338
603486
300669
002418
603813
002208
430300
301012
603135
603278
000632
300328
300399
688485
300626
000679
600811
600568
600872
600599
000952
301498
002187
000799
688651
834765
600624
002666
002945
300463
002825
001267
835184
002923
600803
603609
000628
688212
688183
300839
300715
600702
603018
300565
300583
002358
002951
600463
833427
831856
002038
600545
600191
839725
002231
002141
002144
300249
300296
002366
001270
603991
003041
871970
301004
002306
600371
603828
002989
605566
603214
002917
603072
000096
300972
603101
002420
002184
603033
301628
300561
002520
603007
688702
000609
002310
002582
000584
300422
300985
600622
002052
000656
605188
002388
600165
002822
002656
603388
002750
600693
603963
002970
002090
688656
301458
002076
002820
600129
605033
002724
603173
300365
832171
002115
605179
000533
603360
603021
000822
002636
832149
838402
000402
603777
600446
002514
300630
300190
300344
002692
688253
000820
002767
301030
002253
300117
002146
600936
002373
002058
002691
000488
600753
601515
603398
002718
002730
603261
600579
003030
002496
600053
605162
603789
000736
000586
002848
000668
600892
688522
301315
300108
301602
831689
300391
001356
